9 9 9 9 9 9 9 9 9 9 9 9 9 9 9 9 9 9 9 9
9 9 9 9 9 9 9 9 9 9 9 9 9 9 9 9 9 9 9 9
9 9 9 9 9 9 9 9 9 9 9 9 9 9 9 9 9 9 9 9
9 9 9 9 0 3 6 9 9 9 9 9 9 9 9 9 9 9 9 9
9 9 9 9 1 4 7 9 9 9 9 9 9 9 9 9 9 9 9 9
9 9 9 9 1 4 7 9 9 9 9 9 9 9 9 9 9 9 9 9
9 9 9 9 1 4 7 9 9 9 9 9 9 9 9 9 9 9 9 9
9 9 9 9 1 4 7 9 9 9 9 9 9 9 9 9 9 9 9 9
9 9 9 9 1 4 7 9 9 9 9 9 9 9 9 9 9 9 9 9
9 9 9 9 1 4 7 9 9 9 9 9 9 9 9 9 9 9 9 9
9 9 9 9 1 4 7 9 9 9 9 9 9 9 9 9 9 9 9 9
9 9 9 9 1 4 7 9 9 9 9 9 9 9 9 9 9 9 9 9
9 9 9 9 1 4 7 9 9 9 9 9 9 9 9 9 9 9 9 9
9 9 9 9 2 5 8 9 9 9 9 9 9 9 9 9 9 9 9 9
9 9 9 9 9 9 9 9 9 9 9 9 9 9 9 9 9 9 9 9
9 9 9 9 9 9 9 9 9 9 9 9 9 9 9 9 9 9 9 9
9 9 9 9 9 9 9 9 9 9 9 9 9 9 9 9 9 9 9 9
9 9 9 9 9 9 9 9 9 9 9 9 9 9 9 9 9 9 9 9
9 9 9 9 9 9 9 9 9 9 9 9 9 9 9 9 9 9 9 9
9 9 9 9 9 9 9 9 9 9 9 9 9 9 9 9 9 9 9 9